1 
0

65
0 550 235
0 595 280
0 640 325
0 685 370
0 730 415
0 730 235
0 685 280
0 595 370
0 550 415
2 415 280
2 415 325
2 415 370
2 460 280
2 460 325
2 460 370
2 505 280
2 505 325
2 505 370
2 595 100
2 595 145
2 595 190
2 640 100
2 640 145
2 640 190
2 685 100
2 685 145
2 685 190
2 775 280
2 775 325
2 775 370
2 820 280
2 820 325
2 820 370
2 865 280
2 865 325
2 865 370
2 595 460
2 595 505
2 595 550
2 640 460
2 640 505
2 640 550
2 685 460
2 685 505
2 685 550
1 460 55
1 460 100
1 460 145
1 460 190
1 460 235
1 460 415
1 460 460
1 460 505
1 460 550
1 460 595
1 820 55
1 820 100
1 820 145
1 820 190
1 820 235
1 820 415
1 820 460
1 820 505
1 820 550
1 820 595
