1
0

50
0 235 145
0 235 640
0 280 145
0 280 640
0 325 145
0 325 640
0 370 145
0 370 640
0 415 145
0 415 640
0 460 145
0 460 640
0 505 145
0 505 640
0 550 145
0 550 640
0 595 145
0 595 640
0 640 145
0 640 640
0 685 145
0 685 640
0 730 145
0 730 640
0 775 145
0 775 640
0 820 145
0 820 640
0 865 145
0 865 640
0 910 145
0 910 640
0 955 145
0 955 640
0 505  325
0 505  370
0 505  415
0 505  460
0 550  325
0 550  370
0 550  415
0 550  460
0 595  325
0 595  370
0 595  415
0 595  460
0 640  325
0 640  370
0 640  415
0 640  460
