3 
0 0 1

153
2 235 280
2 235 325
2 235 370
2 235 415
2 235 460
2 235 505
2 235 550
2 280 280
2 280 325
2 280 370
2 280 415
2 280 460
2 280 505
2 280 550
2 325 280
2 325 325
2 325 370
2 325 415
2 325 460
2 325 505
2 325 550
2 370 280
2 370 325
2 370 370
2 370 415
2 370 460
2 370 505
2 370 550
2 415 325
2 415 370
2 415 415
2 415 460
2 415 505
2 460 325
2 460 370
2 460 415
2 460 460
2 460 505
2 505 325
2 505 370
2 505 415
2 505 460
2 505 505
2 550 325
2 550 370
2 550 415
2 550 460
2 550 505
2 595 325
2 595 370
2 595 415
2 595 460
2 595 505
2 640 325
2 640 370
2 640 415
2 640 460
2 640 505
2 685 325
2 685 370
2 685 415
2 685 460
2 685 505
2 730 325
2 730 370
2 730 415
2 730 460
2 730 505
2 775 280
2 775 325
2 775 370
2 775 415
2 775 460
2 775 505
2 775 550
2 820 280
2 820 325
2 820 370
2 820 415
2 820 460
2 820 505
2 820 550
2 865 280
2 865 325
2 865 370
2 865 415
2 865 460
2 865 505
2 865 550
2 910 280
2 910 325
2 910 370
2 910 415
2 910 460
2 910 505
2 910 550
2 955 280
2 955 325
2 955 370
2 955 415
2 955 460
2 955 505
2 955 550
1 505 55
1 505 100
1 505 145
1 505 190
1 505 235
1 505 280
1 550 55
1 550 100
1 550 145
1 550 190
1 550 235
1 550 280
1 595 55
1 595 100
1 595 145
1 595 190
1 595 235
1 595 280
1 640 55
1 640 100
1 640 145
1 640 190
1 640 235
1 640 280
1 505 550
1 505 595
1 505 640
1 505 685
1 505 730
1 550 550
1 550 595
1 550 640
1 550 685
1 550 730
1 595 550
1 595 595
1 595 640
1 595 685
1 595 730
1 640 550
1 640 595
1 640 640
1 640 685
1 640 730
0 505 370
0 505 460
0 550 415
0 595 415
0 640 370
0 640 460
